
\samples: 666
	stepsize_vec: [0.0001 0.0001 0.0001 0.0001 0.0001 0.0001 0.0001 0.0001 0.0001 0.0001
 0.0001 0.0001 0.004  0.004  0.004  0.004  0.004  0.004  0.004  0.004
 0.004  0.004  0.004  0.004  0.     0.     0.002 ]
	step_ratio_vec: [0.02 0.02 0.02 0.02 0.02 0.02 0.02 0.02 0.02 0.02 0.02 0.02 0.02 0.02
 0.02 0.02 0.02 0.02 0.02 0.02 0.02 0.02 0.02 0.02 0.02 0.02 0.02]
	swap interval: 66
	Initial_proposed_vec: [ 0.00183643  0.00246651  0.00451673  0.0020075   0.00446082  0.00472334
  0.00454926  0.00451213  0.00478668  0.00455595  0.00471223  0.00488207
  0.01890307  0.07314181  0.05585694  0.12883883  0.08490092  0.11324157
  0.15041004  0.17918134  0.13965871  0.15803664  0.19911768  0.17325766
 -0.0841703  -0.03566548  0.03652549]
\samples: 666
	stepsize_vec: [0.0001 0.0001 0.0001 0.0001 0.0001 0.0001 0.0001 0.0001 0.0001 0.0001
 0.0001 0.0001 0.004  0.004  0.004  0.004  0.004  0.004  0.004  0.004
 0.004  0.004  0.004  0.004  0.     0.     0.002 ]
	step_ratio_vec: [0.02 0.02 0.02 0.02 0.02 0.02 0.02 0.02 0.02 0.02 0.02 0.02 0.02 0.02
 0.02 0.02 0.02 0.02 0.02 0.02 0.02 0.02 0.02 0.02 0.02 0.02 0.02]
	swap interval: 66
	Initial_proposed_vec: [ 0.00183643  0.00246651  0.00451673  0.0020075   0.00446082  0.00472334
  0.00454926  0.00451213  0.00478668  0.00455595  0.00471223  0.00488207
  0.01890307  0.07314181  0.05585694  0.12883883  0.08490092  0.11324157
  0.15041004  0.17918134  0.13965871  0.15803664  0.19911768  0.17325766
 -0.0841703  -0.03566548  0.03652549]
\samples: 666
	stepsize_vec: [0.0001 0.0001 0.0001 0.0001 0.0001 0.0001 0.0001 0.0001 0.0001 0.0001
 0.0001 0.0001 0.004  0.004  0.004  0.004  0.004  0.004  0.004  0.004
 0.004  0.004  0.004  0.004  0.     0.     0.002 ]
	step_ratio_vec: [0.02 0.02 0.02 0.02 0.02 0.02 0.02 0.02 0.02 0.02 0.02 0.02 0.02 0.02
 0.02 0.02 0.02 0.02 0.02 0.02 0.02 0.02 0.02 0.02 0.02 0.02 0.02]
	swap interval: 66
	Initial_proposed_vec: [ 0.00183643  0.00246651  0.00451673  0.0020075   0.00446082  0.00472334
  0.00454926  0.00451213  0.00478668  0.00455595  0.00471223  0.00488207
  0.01890307  0.07314181  0.05585694  0.12883883  0.08490092  0.11324157
  0.15041004  0.17918134  0.13965871  0.15803664  0.19911768  0.17325766
 -0.0841703  -0.03566548  0.03652549]
\samples: 666
	stepsize_vec: [0.0001 0.0001 0.0001 0.0001 0.0001 0.0001 0.0001 0.0001 0.0001 0.0001
 0.0001 0.0001 0.004  0.004  0.004  0.004  0.004  0.004  0.004  0.004
 0.004  0.004  0.004  0.004  0.     0.     0.002 ]
	step_ratio_vec: [0.02 0.02 0.02 0.02 0.02 0.02 0.02 0.02 0.02 0.02 0.02 0.02 0.02 0.02
 0.02 0.02 0.02 0.02 0.02 0.02 0.02 0.02 0.02 0.02 0.02 0.02 0.02]
	swap interval: 66
	Initial_proposed_vec: [ 0.00183643  0.00246651  0.00451673  0.0020075   0.00446082  0.00472334
  0.00454926  0.00451213  0.00478668  0.00455595  0.00471223  0.00488207
  0.01890307  0.07314181  0.05585694  0.12883883  0.08490092  0.11324157
  0.15041004  0.17918134  0.13965871  0.15803664  0.19911768  0.17325766
 -0.0841703  -0.03566548  0.03652549]
\samples: 666
	stepsize_vec: [0.0001 0.0001 0.0001 0.0001 0.0001 0.0001 0.0001 0.0001 0.0001 0.0001
 0.0001 0.0001 0.004  0.004  0.004  0.004  0.004  0.004  0.004  0.004
 0.004  0.004  0.004  0.004  0.     0.     0.002 ]
	step_ratio_vec: [0.02 0.02 0.02 0.02 0.02 0.02 0.02 0.02 0.02 0.02 0.02 0.02 0.02 0.02
 0.02 0.02 0.02 0.02 0.02 0.02 0.02 0.02 0.02 0.02 0.02 0.02 0.02]
	swap interval: 66
	Initial_proposed_vec: [ 0.00183643  0.00246651  0.00451673  0.0020075   0.00446082  0.00472334
  0.00454926  0.00451213  0.00478668  0.00455595  0.00471223  0.00488207
  0.01890307  0.07314181  0.05585694  0.12883883  0.08490092  0.11324157
  0.15041004  0.17918134  0.13965871  0.15803664  0.19911768  0.17325766
 -0.0841703  -0.03566548  0.03652549]
\samples: 666
	stepsize_vec: [0.0001 0.0001 0.0001 0.0001 0.0001 0.0001 0.0001 0.0001 0.0001 0.0001
 0.0001 0.0001 0.004  0.004  0.004  0.004  0.004  0.004  0.004  0.004
 0.004  0.004  0.004  0.004  0.     0.     0.002 ]
	step_ratio_vec: [0.02 0.02 0.02 0.02 0.02 0.02 0.02 0.02 0.02 0.02 0.02 0.02 0.02 0.02
 0.02 0.02 0.02 0.02 0.02 0.02 0.02 0.02 0.02 0.02 0.02 0.02 0.02]
	swap interval: 66
	Initial_proposed_vec: [ 0.00183643  0.00246651  0.00451673  0.0020075   0.00446082  0.00472334
  0.00454926  0.00451213  0.00478668  0.00455595  0.00471223  0.00488207
  0.01890307  0.07314181  0.05585694  0.12883883  0.08490092  0.11324157
  0.15041004  0.17918134  0.13965871  0.15803664  0.19911768  0.17325766
 -0.0841703  -0.03566548  0.03652549]