0.001888149 0.004963801 0.004146814 0.002342687 0.004976710 0.004256766 0.004065969 0.004988515 0.004663036 0.004530318 0.004989732 0.004719162 0.027040760 0.113781873 0.030013272 0.151947061 0.141320509 0.081062377 0.155367232 0.155486120 0.094351008 0.180030956 0.170391154 0.180982613 -0.085117599 -0.058305522 0.013965716
0.001888149 0.004963801 0.004146814 0.002342687 0.004976710 0.004256766 0.004065969 0.004988515 0.004663036 0.004530318 0.004989732 0.004719162 0.027040760 0.113781873 0.030013272 0.151947061 0.141320509 0.081062377 0.155367232 0.155486120 0.094351008 0.180030956 0.170391154 0.180982613 -0.085117599 -0.058305522 0.013965716
0.001888149 0.004963801 0.004146814 0.002342687 0.004976710 0.004256766 0.004065969 0.004988515 0.004663036 0.004530318 0.004989732 0.004719162 0.027040760 0.113781873 0.030013272 0.151947061 0.141320509 0.081062377 0.155367232 0.155486120 0.094351008 0.180030956 0.170391154 0.180982613 -0.085117599 -0.058305522 0.013965716
0.001888149 0.004963801 0.004146814 0.002342687 0.004976710 0.004256766 0.004065969 0.004988515 0.004663036 0.004530318 0.004989732 0.004719162 0.027040760 0.113781873 0.030013272 0.151947061 0.141320509 0.081062377 0.155367232 0.155486120 0.094351008 0.180030956 0.170391154 0.180982613 -0.085117599 -0.058305522 0.013965716
0.001888149 0.004963801 0.004146814 0.002342687 0.004976710 0.004256766 0.004065969 0.004988515 0.004663036 0.004530318 0.004989732 0.004719162 0.027040760 0.113781873 0.030013272 0.151947061 0.141320509 0.081062377 0.155367232 0.155486120 0.094351008 0.180030956 0.170391154 0.180982613 -0.085117599 -0.058305522 0.013965716
0.001888149 0.004963801 0.004146814 0.002342687 0.004976710 0.004256766 0.004065969 0.004988515 0.004663036 0.004530318 0.004989732 0.004719162 0.027040760 0.113781873 0.030013272 0.151947061 0.141320509 0.081062377 0.155367232 0.155486120 0.094351008 0.180030956 0.170391154 0.180982613 -0.085117599 -0.058305522 0.013965716
0.001888149 0.004963801 0.004146814 0.002342687 0.004976710 0.004256766 0.004065969 0.004988515 0.004663036 0.004530318 0.004989732 0.004719162 0.027040760 0.113781873 0.030013272 0.151947061 0.141320509 0.081062377 0.155367232 0.155486120 0.094351008 0.180030956 0.170391154 0.180982613 -0.085117599 -0.058305522 0.013965716
0.001888149 0.004963801 0.004146814 0.002342687 0.004976710 0.004256766 0.004065969 0.004988515 0.004663036 0.004530318 0.004989732 0.004719162 0.027040760 0.113781873 0.030013272 0.151947061 0.141320509 0.081062377 0.155367232 0.155486120 0.094351008 0.180030956 0.170391154 0.180982613 -0.085117599 -0.058305522 0.013965716
0.001888149 0.004963801 0.004146814 0.002342687 0.004976710 0.004256766 0.004065969 0.004988515 0.004663036 0.004530318 0.004989732 0.004719162 0.027040760 0.113781873 0.030013272 0.151947061 0.141320509 0.081062377 0.155367232 0.155486120 0.094351008 0.180030956 0.170391154 0.180982613 -0.085117599 -0.058305522 0.013965716
0.001888149 0.004963801 0.004146814 0.002342687 0.004976710 0.004256766 0.004065969 0.004988515 0.004663036 0.004530318 0.004989732 0.004719162 0.027040760 0.113781873 0.030013272 0.151947061 0.141320509 0.081062377 0.155367232 0.155486120 0.094351008 0.180030956 0.170391154 0.180982613 -0.085117599 -0.058305522 0.013965716
0.001888149 0.004963801 0.004146814 0.002342687 0.004976710 0.004256766 0.004065969 0.004988515 0.004663036 0.004530318 0.004989732 0.004719162 0.027040760 0.113781873 0.030013272 0.151947061 0.141320509 0.081062377 0.155367232 0.155486120 0.094351008 0.180030956 0.170391154 0.180982613 -0.085117599 -0.058305522 0.013965716
0.001888149 0.004963801 0.004146814 0.002342687 0.004976710 0.004256766 0.004065969 0.004988515 0.004663036 0.004530318 0.004989732 0.004719162 0.027040760 0.113781873 0.030013272 0.151947061 0.141320509 0.081062377 0.155367232 0.155486120 0.094351008 0.180030956 0.170391154 0.180982613 -0.085117599 -0.058305522 0.013965716
0.001888149 0.004963801 0.004146814 0.002342687 0.004976710 0.004256766 0.004065969 0.004988515 0.004663036 0.004530318 0.004989732 0.004719162 0.027040760 0.113781873 0.030013272 0.151947061 0.141320509 0.081062377 0.155367232 0.155486120 0.094351008 0.180030956 0.170391154 0.180982613 -0.085117599 -0.058305522 0.013965716
0.001888149 0.004963801 0.004146814 0.002342687 0.004976710 0.004256766 0.004065969 0.004988515 0.004663036 0.004530318 0.004989732 0.004719162 0.027040760 0.113781873 0.030013272 0.151947061 0.141320509 0.081062377 0.155367232 0.155486120 0.094351008 0.180030956 0.170391154 0.180982613 -0.085117599 -0.058305522 0.013965716
0.001888149 0.004963801 0.004146814 0.002342687 0.004976710 0.004256766 0.004065969 0.004988515 0.004663036 0.004530318 0.004989732 0.004719162 0.027040760 0.113781873 0.030013272 0.151947061 0.141320509 0.081062377 0.155367232 0.155486120 0.094351008 0.180030956 0.170391154 0.180982613 -0.085117599 -0.058305522 0.013965716
0.001888149 0.004963801 0.004146814 0.002342687 0.004976710 0.004256766 0.004065969 0.004988515 0.004663036 0.004530318 0.004989732 0.004719162 0.027040760 0.113781873 0.030013272 0.151947061 0.141320509 0.081062377 0.155367232 0.155486120 0.094351008 0.180030956 0.170391154 0.180982613 -0.085117599 -0.058305522 0.013965716
0.001888149 0.004963801 0.004146814 0.002342687 0.004976710 0.004256766 0.004065969 0.004988515 0.004663036 0.004530318 0.004989732 0.004719162 0.027040760 0.113781873 0.030013272 0.151947061 0.141320509 0.081062377 0.155367232 0.155486120 0.094351008 0.180030956 0.170391154 0.180982613 -0.085117599 -0.058305522 0.013965716
0.001888149 0.004963801 0.004146814 0.002342687 0.004976710 0.004256766 0.004065969 0.004988515 0.004663036 0.004530318 0.004989732 0.004719162 0.027040760 0.113781873 0.030013272 0.151947061 0.141320509 0.081062377 0.155367232 0.155486120 0.094351008 0.180030956 0.170391154 0.180982613 -0.085117599 -0.058305522 0.013965716
