
\samples: 20
	stepsize_vec: [0.0001 0.0001 0.0001 0.0001 0.0001 0.0001 0.0001 0.0001 0.0001 0.0001
 0.0001 0.0001 0.004  0.004  0.004  0.004  0.004  0.004  0.004  0.004
 0.004  0.004  0.004  0.004  0.     0.     0.002 ]
	step_ratio_vec: [0.02 0.02 0.02 0.02 0.02 0.02 0.02 0.02 0.02 0.02 0.02 0.02 0.02 0.02
 0.02 0.02 0.02 0.02 0.02 0.02 0.02 0.02 0.02 0.02 0.02 0.02 0.02]
	swap interval: 2
	Initial_proposed_vec: [ 0.00188815  0.0049638   0.00414681  0.00234269  0.00497671  0.00425677
  0.00406597  0.00498852  0.00466304  0.00453032  0.00498973  0.00471916
  0.02704076  0.11378187  0.03001327  0.15194706  0.14132051  0.08106238
  0.15536723  0.15548612  0.09435101  0.18003096  0.17039115  0.18098261
 -0.0851176  -0.05830552  0.01396572]
\samples: 20
	stepsize_vec: [0.0001 0.0001 0.0001 0.0001 0.0001 0.0001 0.0001 0.0001 0.0001 0.0001
 0.0001 0.0001 0.004  0.004  0.004  0.004  0.004  0.004  0.004  0.004
 0.004  0.004  0.004  0.004  0.     0.     0.002 ]
	step_ratio_vec: [0.02 0.02 0.02 0.02 0.02 0.02 0.02 0.02 0.02 0.02 0.02 0.02 0.02 0.02
 0.02 0.02 0.02 0.02 0.02 0.02 0.02 0.02 0.02 0.02 0.02 0.02 0.02]
	swap interval: 2
	Initial_proposed_vec: [ 0.00188815  0.0049638   0.00414681  0.00234269  0.00497671  0.00425677
  0.00406597  0.00498852  0.00466304  0.00453032  0.00498973  0.00471916
  0.02704076  0.11378187  0.03001327  0.15194706  0.14132051  0.08106238
  0.15536723  0.15548612  0.09435101  0.18003096  0.17039115  0.18098261
 -0.0851176  -0.05830552  0.01396572]